0.3087549719858 0.513128173180719
0.439672495617598 0.590383630488252
0.286639363595429 0.499982952523868
0.254944679396813 0.484172461596151
0.556846331254805 0.637112802184181
0.958271014059228 0.711069341450945
0.384566094961447 0.562678054279841
0.558147771039001 0.656176388318006
0.41642654372372 0.580683697646017
0.57908103378364 0.643243061583477
0.472823988674875 0.609180038627566
0.352799351369805 0.552635498399983
0.74496615634275 0.687196151002116
0.842490607923497 0.706128592456822
0.481687796132667 0.607401542924832
0.513208756006407 0.624101616146621
0.502049617831675 0.63229521428704
0.618380062305296 0.661345718097778
0.283433304160352 0.499168342785907
1.00431034482759 0.712602336011384
0.161933818352499 0.392018794444158
0.413500758109638 0.583489591855704
0.642832749935969 0.663979824567494
0.721302027748132 0.713021873157361
0.806723585912487 0.702813009475054
0.369412618148456 0.555489452099747
0.450822645696848 0.594862067152915
0.648803929944468 0.670210908083685
0.893990820791974 0.717886298873714
0.404173601331456 0.569620005511723
0.418654773590542 0.578256567298798
0.686738244146086 0.681725163773341
0.752801314750389 0.690412950645853
0.906867557300781 0.7137617189594
0.761208680992723 0.695788273698422
0.412517872004439 0.578284971852224
0.503456368679326 0.615657294655841
0.109608039772121 0.326758771494597
0.734127238192799 0.705410883487456
1.05909741355375 0.730162356306895
0.886808565145919 0.704503310757098
0.48198121263877 0.60610260282761
0.662974818608621 0.67853533042321
0.679693502945445 0.674741819823681
0.953453133003244 0.71553759614783
0.884482390608324 0.705812381446668
1.02455938206802 0.711532354801048
0.513274714017415 0.624162965318542
0.511630884800888 0.616796178859865
0.814219203827097 0.703463820729242
0.380043597196102 0.578897065222573
0.466924160300457 0.601957790644445
0.816229830103304 0.702294541211986
0.377400358453529 0.557078573071418
0.585881649986129 0.64788337374554
0.906640199782288 0.707991344993612
0.201783580815839 0.445668346015102
0.399825021872266 0.582480017283272
0.21691451003819 0.44245639218012
0.813341584686626 0.711593806642543
0.592911856956921 0.662699414673192
0.850917626973965 0.706820170368174
0.892342813253398 0.707736542932903
0.556319238404235 0.648230364975654
0.804045835733948 0.700535911684703
0.971360891184191 0.721515682567301
0.614585111831996 0.654459310667736
0.754290105011526 0.702167624945986
0.525537318848313 0.623035538136377
0.841634656423389 0.719081548090271
0.57669248330453 0.654087842175735
0.531300674234019 0.62649453308131
0.497151392297023 0.618058407924228
0.319223383827608 0.52299488075084
0.569272801007449 0.641501791952723
0.731005634283763 0.685748253560274
0.420626960585562 0.580998411788361
0.985935632576404 0.709611011378183
0.218554633324087 0.44976237795247
0.742812013063246 0.695052006837492
0.838731026237698 0.702894074902985
0.521531304681832 0.634298059737029
0.508683963471878 0.618480301296554
0.951515151515152 0.715124602668559
0.964790536789512 0.707083221063951
0.672663636169622 0.68124016364855
0.27072353681695 0.511362377720769
0.385820720278377 0.571255106426726
0.840489618046655 0.702445487918401
0.71388942235879 0.683362668752585
0.686235595390525 0.697599820905006
0.60690508706043 0.654005719780987
0.740570791431696 0.693236256652654
0.336868158832441 0.538761797939489
0.648705882352941 0.667602340870029
0.862243373596824 0.705917853379185
0.802524777853725 0.701188956420569
0.490824513485831 0.658001015194044
0.940075146236284 0.723467011018918
0.922069053817592 0.70959061171165
1.00258701787394 0.713835556575175
0.41760399547521 0.576273978054764
0.549384428275759 0.632827373619803
0.763551002987623 0.691738696744502
0.447896219168729 0.600349159208561
0.707581227436823 0.700857000057242
0.231118791602663 0.481602168171463
0.930707887028841 0.724319812953049
0.470284348048843 0.600145073732255
0.763061294177907 0.701409567399254
0.7909696142028 0.70342819316686
0.674689523972383 0.672001545562013
0.861053619817782 0.700987549091887
0.646836658487144 0.666432155840797
0.496660335886985 0.61702837454438
0.301675739139716 0.510263511298124
0.451617722383473 0.593464160033557
0.961179759694389 0.712704325558801
0.479100433140589 0.619707203248692
0.402408815238746 0.57546092809749
0.236556845339706 0.457845302093169
0.860904822876654 0.716965490832962
0.822894214558569 0.697996851643787
0.477897073576811 0.611803342862968
0.480334799504633 0.615710937348065
0.692113968626614 0.677250411857595
0.364389233954451 0.579646729309262
0.566527268072032 0.650594873104713
0.934565477206761 0.710897802565438
0.239283961680428 0.461809155240561
0.941790471311475 0.72149235042109
0.483439327329378 0.609757834354689
0.164632585132713 0.399972660349631
0.439928310823785 0.586652011026615
0.558394160583942 0.635561613694101
0.26215229596738 0.48328823772054
0.525207034918467 0.653090574985378
0.714849752432986 0.684588141071151
0.924628155609142 0.719400486724194
0.694246446711341 0.6838773727228
0.581666844520329 0.650679937975995
0.719968415885956 0.687122725855455
0.870224119530416 0.711867227701971
0.640349565180231 0.664360818083813
0.594041445248309 0.664051961125899
0.72843668644104 0.692493834421244
0.585732592909013 0.648418208385081
0.556541966324505 0.638161782088444
0.449858078835606 0.615803373264685
0.392544701916101 0.568555365505917
0.21739315965777 0.446028368254971
0.467140509274082 0.603903397075657
0.956435432230523 0.725869171015592
0.768340592706465 0.690994944759704
1.02861108145618 0.710881227213828
0.377957964365731 0.559078648453715
0.457881478951413 0.598439933235997
0.202910611783283 0.428527033838691
0.506732390158547 0.624866097745347
0.627453909184022 0.692704471847634
0.79737948400589 0.694363598319858
0.548184670551322 0.633736242032885
0.808339382552628 0.70626026813835
0.312438660123747 0.520600154350539
0.145542610847949 0.373570859770872
0.692048316189338 0.682968473329222
0.376274802645616 0.555215123012839
0.461902831416562 0.605222148087898
0.730169231097548 0.693627200939808
0.549566850168566 0.63758580266278
0.708572653236177 0.693390072559395
0.981790624199471 0.711500451796758
0.823558287446109 0.705018830900612
0.318289482107419 0.522270735457085
0.900578306054075 0.714160687206468
0.554047710493748 0.634705191930884
0.390368016489887 0.566564565643361
0.4707576759767 0.612719441544812
0.61143601126953 0.652861141732315
0.747129380629189 0.722949327172109
0.778863592719824 0.704342449430546
0.511757927531902 0.637908555444225
0.527946731544913 0.627972762059839
0.309829698237227 0.525668921745331
0.148473852721451 0.380174661124884
0.303222771112679 0.517313673997939
0.20512711050396 0.457060028093233
0.794925959117484 0.700124714821446
0.820889789821829 0.712675872045054
0.456648385651181 0.610289863392112
0.601331597703848 0.675939726322914
0.946054372412616 0.707907961249223
0.46319024952507 0.60141233595769
0.615693306010929 0.661266436409306
0.878646789970527 0.710481217171949
0.993123037823292 0.710102499761725
0.915995986593515 0.715143941509647
0.763344435904005 0.695068104317392
0.495807105515843 0.613198168784743
0.449556162512803 0.608196277103029
0.827349953043627 0.727180854578282
0.500981563673609 0.615194216100306
0.691073219658977 0.693561296750439
0.66330081335525 0.67121299654483
0.595809149880505 0.653767679236633
0.36167260773976 0.549151328717166
0.646450620580633 0.667952224749926
0.669269833141297 0.671431356461375
0.74911434546929 0.691173876500675
0.734520834668204 0.734284210283827
0.817617310031368 0.697737357047429
0.316007340075961 0.523713388295154
0.247961579509071 0.467985745833274
0.569163127227712 0.638640350756323
0.942614376294272 0.712127281923144
1.01348554358263 0.716482131149765
0.351922994835019 0.540667692145453
0.33016753814961 0.536146143086572
0.199884780335844 0.432719514227021
0.66934192832291 0.677866179606982
0.628461029396068 0.660119031546538
0.398203273371316 0.56948809448645
0.721117323204302 0.685185794925524
0.582477199427583 0.659455169355594
0.530411029066541 0.635827083462521
0.997652682343903 0.733725161720403
0.832124109086253 0.700128489309261
0.964297908664106 0.71809408404209
1.02417840375587 0.719672410254835
0.576433188965458 0.640199591846055
0.502219282147582 0.615264823735223
0.369772106520997 0.57927303136325
0.708167054354553 0.67724905189595
0.406612169978443 0.574223471470681
1.00096022533288 0.739318834573987
0.520253678119195 0.63415053517786
0.801007664225785 0.698084980204316
0.384367531580744 0.564613625835226
0.502720464292573 0.624920993441103
0.501408390593658 0.62281661555628
0.591611526147279 0.653759030059321
0.932051473569645 0.70955702089558
0.980150260394434 0.71347797105699
0.645150965539315 0.668846273768173
0.524693729457464 0.649762501247658
0.786008493928335 0.699571003947551
0.584944309307387 0.651276954033836
0.40190366434044 0.573728936249526
0.380976765025923 0.562612849550646
0.870844453934024 0.715522805452714
0.792511333504405 0.7250875321515
0.46660686444117 0.599498577190001
0.670337644598113 0.701919265296665
0.84872084835812 0.704210484087624
0.88969896519285 0.710762911637943
0.673786863556826 0.67886386294302
0.60238186707645 0.66147310690246
0.678382415706359 0.680882862339437
0.55387898836837 0.642867100154994
0.613507801993724 0.660485853789094
0.748954332052924 0.695101787096827
0.649009731944682 0.664215831668922
0.948108777322404 0.711640846541618
0.886643477518619 0.706138111032025
0.94690114393034 0.711865531823632
0.514529549818647 0.630800428351678
0.570303327854505 0.646340606494455
0.502859459690154 0.681795663104911
0.699888997993425 0.68892926590052
0.667200341551927 0.675637842336396
0.738649704369357 0.682780418950037
0.523412156394058 0.628398422335887
0.778254374733248 0.694581855006014
0.718869496485869 0.68456169030625
0.526400034147174 0.62586349540553
0.708971694272429 0.686803537402636
0.669320073413291 0.676419598692005
0.537146150890227 0.630993339817824
0.212491731216525 0.437312848952979
0.971937087859323 0.711336008774182
0.162095827553089 0.395256216426584
0.949021616200414 0.731875049084053
0.629409128736957 0.692961811553304
0.543198019379349 0.632773805912882
0.546661260376875 0.630758082768576
0.244895346604365 0.467449722675488
0.721052294693721 0.695408528019366
0.711587304975135 0.679989240943722
0.386631940738211 0.561542918772965
0.315263786921632 0.512878084916997
0.421444574842633 0.581249496640405
0.750965539315054 0.727902514676253
0.516099434546036 0.653308264638128
0.940404277572627 0.724014910755329
0.542451018056089 0.631946846288835
1.00942710560068 0.725981662009624
0.320990289190054 0.522354382627041
0.766823127800299 0.692596861769108
0.657057505601195 0.685318721129836
0.552835629605895 0.651085981179843
0.536157046836658 0.641822624439352
0.83701173959445 0.703640734252339
0.396154338640147 0.565590100257164
0.652774401697125 0.710552417643184
0.944917514992424 0.725443587783769
0.558542987004673 0.659062510569018
0.435752997908932 0.585595655711093
0.62322087787807 0.68055243460713
0.213523663210003 0.452979955068612
0.906586724134252 0.714073770835651
0.851418924694418 0.70952664074337
0.896502422056721 0.738665046511905
0.372941025859862 0.553347405876792
0.883141271873666 0.707115557603711
0.591161282062225 0.655806152610641
0.65005766520012 0.668551960022806
0.380964575330772 0.563912207878187
0.322300990775538 0.527827190167124
0.654295165937467 0.672504106080458
0.418775876051048 0.579975460112917
0.90397216708288 0.718158601968791
1.04618503894995 0.718173785037326
0.902877390710383 0.71030839036946
0.68003928518052 0.672010810553772
0.476272777706653 0.618539203586834
0.903141137808886 0.708265571076205
0.68119344374253 0.67508470500313
0.57448034487174 0.645576793395859
0.561067316114422 0.648046528126488
0.551496009219343 0.635778006974358
0.767881529532264 0.694984873902756
1.00505697093842 0.716151644718462
0.827589150430013 0.702004300339571
0.73952376888282 0.693619761925541
0.400708614360113 0.566793207825193
0.470849338454972 0.609946581331277
0.393491944948256 0.588828059957025
0.774906646751307 0.697145973874278
0.40675145100717 0.578411960515417
0.839002945068078 0.700967447485619
0.724554476576673 0.689162954033485
0.39891130323407 0.577237074499975
0.786875453343005 0.697421667922449
0.724260304429622 0.683336196295792
0.340779619791333 0.534366999965677
0.515944503735326 0.621578803948478
0.722330097087379 0.680937110865886
0.583544979191122 0.64820633388959
0.510745459589816 0.62924908127816
0.685332593525257 0.672141401799641
0.430733112794792 0.58795380863245
0.328958880139982 0.528613835659947
0.91547672408273 0.716616141520314
0.877804581260807 0.703801480015947
0.660642270351008 0.681769737509859
0.694853726243861 0.684409341697974
0.670387365275851 0.674234521498227
0.580665813060179 0.643833776933969
0.80758726636511 0.700396023667377
0.440004267121826 0.594138659526582
0.863462728611366 0.724745308983319
0.598629727653035 0.650864434701002
0.835077751196172 0.706564863379328
0.316229830103304 0.526450056973342
0.246233622124536 0.473034863313939
0.951963294921041 0.709718119801683
0.729051948606309 0.682232479523773
0.28757681802663 0.500033654917004
0.594535752401281 0.660652593093546
0.747460303909851 0.690046894182145
0.758583897057254 0.698419953649796
0.408473852721451 0.577972940565034
0.959880431301377 0.710790425365576
0.301717699775952 0.512304050032885
0.621584699453552 0.658914019634937
0.443406089312765 0.588123449648616
0.185746292542409 0.420894975385906
0.152195725966568 0.386028317987564
0.964751317558197 0.725174032600053
0.944362509351288 0.711809455066106
0.366351429242363 0.550743548437557
0.932207009974583 0.715273182624618
0.689814221652787 0.677270464799765
0.889090947989987 0.705547543246017
0.647260931731364 0.694984500536457
0.809291110067859 0.697568303136195
0.894489607687523 0.720925723767372
0.811993171148101 0.698699297901953
0.644126747039368 0.664812476722774
0.671697227143681 0.672822216926909
0.805591746940345 0.693218773508799
0.702236490101659 0.683939178262994
0.452632926517027 0.599034170775945
0.651494782664362 0.673650548479823
0.787567752123255 0.695049163216716
0.846590787759722 0.706198807237992
0.737772464294101 0.697868830625982
0.28258039734534 0.501514360114064
0.794312917618427 0.700405881847472
0.168117611914821 0.39349238903814
0.791178041226103 0.694357704102392
0.331241863542267 0.531366232771912
0.459625074728841 0.603619752953723
0.461590986684875 0.597079859821619
0.315086326482703 0.522420030384424
0.913554692501387 0.709250911130588
0.384268365688874 0.558186552808928
0.360238110478141 0.544309983372329
0.274732777196987 0.49234086892592
0.909319791755569 0.716833331295879
0.477798877675123 0.609419260323306
0.255234233272863 0.47717916698633
0.790885233309864 0.699117730184736
1.05804400247541 0.72292678704069
0.766005121638924 0.690366037681871
0.407081723688985 0.572624777001539
0.37842509603073 0.561054707545134
0.797703896547309 0.703320250173551
0.680982773710163 0.686369378304973
0.532450331125828 0.62528094814755
0.544752230142132 0.641366189883288
0.382742135143211 0.578783184642594
1.00085382513661 0.721044030801063
0.369177159715245 0.575006778406025
0.857417207237965 0.70207580527462
0.774375280083652 0.694246058207638
0.995988306339756 0.714943588307999
0.256781849614753 0.479309314808781
0.35447872658217 0.564991791280216
0.438428376301861 0.594435224265369
0.731003136803022 0.683256429427078
0.730724087155082 0.691994868558866
0.197623314558798 0.422642600643481
0.312785485592316 0.531619705708088
0.218824684192557 0.444877879501926
0.826371843852048 0.716827876250096
0.330865251253601 0.532199842514475
0.77234887295082 0.693875403934029
0.921300840766506 0.710527697160581
0.928894579598805 0.713081014441847
0.437582689599249 0.588091081975438
0.684610458911419 0.722179874604525
0.466460422445061 0.598646046503699
0.333703213691264 0.527867663498158
0.311131503692006 0.524757121588449
0.695130542450313 0.67838783335731
0.485541731577712 0.610648506518655
0.296360374215046 0.520691329911955
0.571105420401195 0.646017612297532
0.478085524069648 0.621398465241762
0.865070218124386 0.712046862205082
0.781280010243496 0.699770070482192
0.47384142698643 0.611741529926154
0.696602356155028 0.689152487712282
1.00764238749893 0.713295380645851
0.766483164767635 0.702564107153616
0.291307501920287 0.526137994487809
0.356004182761049 0.558444312358877
0.608961911874533 0.664380475933844
0.153714846583877 0.378969111735824
0.328004951340277 0.53121316552753
0.826411871463649 0.701920092385973
0.482781428693352 0.61906028566838
0.622457907428352 0.659487464084271
0.411252454537693 0.577405493315641
0.843790012804097 0.703521989001056
0.375066686583726 0.552761042296388
0.653633550314801 0.669793838730668
0.904588134869825 0.707422298273499
0.185847506455261 0.414794018020303
0.901734844120095 0.72753640883355
0.776422590567327 0.714698450357386
0.346322580645161 0.541267213468595
0.671656771878871 0.687353892528986
0.1926681896791 0.423177727265219
0.987389847867369 0.732577221224613
0.217258601553829 0.44094906519238
0.442573623559539 0.626878033655313
0.801790062801726 0.700174532818012
0.453463064908462 0.608713761198083
0.863780922498986 0.708639320983638
0.757764638077145 0.696155805812424
0.959510095711196 0.711595921076356
0.91811218502635 0.707856437290792
0.23969182175175 0.464949481650144
0.553544752230142 0.659923150124745
1.00984727117377 0.734336593808985
0.874199607273969 0.710194527577614
0.701630110096441 0.71669917030705
1.07586029899266 0.726087755614618
0.32558089914012 0.525315289004418
0.877891591976099 0.708340010536042
0.983686716631435 0.718007682899101
0.750485499050343 0.702712020689746
0.650135507138132 0.67412027748577
0.232184398676769 0.457878438196408
0.82434912505335 0.696673747724699
0.381705287415184 0.557552418063927
0.456300943114411 0.598461777497202
0.926438253815775 0.708411382855392
0.643216830964879 0.66750375568605
0.872636072572038 0.701325339367267
0.350224023895882 0.53816102376344
0.448901216129721 0.597938923942282
0.234522056469684 0.486628377478222
0.783932572282087 0.698577134269422
0.602530457231859 0.65224155559895
0.652034514664429 0.679673940221575
0.805834151337971 0.695817036516936
0.261981512712678 0.482363982101717
0.739674272663237 0.698986071478358
0.312984103275365 0.516936383007875
0.640123786148757 0.666150512220076
0.661481007255655 0.670669635231342
0.5461664852869 0.634898149146822
0.614150037349269 0.676947532264101
0.876547425936993 0.723347888767681
0.321645788429117 0.520528158841498
0.231429120163889 0.457384779326828
0.812365281601468 0.707352957391774
0.388462194913808 0.568735189816822
0.99839890698717 0.713327174972889
0.729056362083689 0.717194110663002
0.9995518757202 0.715335325813001
0.469445689526371 0.604589552764338
0.871382842509603 0.706024360949714
0.666695126897052 0.671342747407474
0.730941608331911 0.714754198533014
0.434255723155043 0.591583797260169
0.552534994878798 0.646098744414547
0.733874066168623 0.690357716668746
0.376168324015194 0.571640532359708
0.4427586795553 0.603402501595666
0.249567464809791 0.47816412370058
0.223139790453023 0.448434109251284
0.962114085350209 0.710054278870951
0.83047989070105 0.698592227188418
0.392194101830908 0.566314015400809
0.564866595517609 0.642729364186157
0.592049360575589 0.650719336137552
0.651374775851763 0.667858261585133
0.188000085347899 0.421100201571519
0.697444546444354 0.676243582160059
0.633778764462281 0.678554094966191
0.440631668800683 0.593502116256523
0.490076401041444 0.61647992354727
0.646847923513594 0.663276043413258
0.324271264564039 0.528692214533793
0.516040897351064 0.624525011886778
0.47202662911279 0.606058302628671
0.788384398736878 0.705319615837718
0.586422519580852 0.655714592838485
0.665627868257594 0.682452605683915
0.785331711584832 0.713287990913773
0.358173282116944 0.545276479957001
0.852899756753297 0.70848436047962
0.892713112130588 0.708592364807136
0.688612403431645 0.673168830990407
0.839661096527733 0.707293490589097
0.92073157703566 0.724787966571865
0.665599795160671 0.666320760768291
0.657050187777398 0.664937752668222
0.846766785584585 0.700014620547992
0.511639816494185 0.67754773919568
0.918457958887442 0.711793262011567
0.542063254940458 0.629255147254612
0.251227111699176 0.479125571175056
0.319364131014616 0.525044443872762
0.307303226907973 0.514896871725277
0.309349445950851 0.595461309489997
0.973093500618786 0.717955995121552
0.858310394127563 0.702264410541589
0.59945754314027 0.655400747901418
0.301063078864623 0.511421154345302
0.509060252278403 0.622396462751135
0.304625301487695 0.517245551408436
0.941643373802462 0.709733142226262
0.311826580468967 0.519723933225342
0.748137683020807 0.69002445371778
0.67917155973097 0.673804662149097
0.702272484796757 0.703822053278486
0.157418473621308 0.391971541071697
0.840384902600866 0.702367390222722
0.424874114534437 0.583857679015984
0.70404984423676 0.692635065400179
0.291518190547317 0.500752218410007
0.895560632914095 0.710378614625685
0.443230089440092 0.588182343036934
0.762027693029805 0.690600380847229
0.596892099863201 0.654636217846748
0.424883180062731 0.580084218524008
0.861552254098361 0.70750707926637
0.867453676031082 0.711838704327708
0.927897746671219 0.716964489206319
0.595440379114546 0.670160331241269
0.632319050870604 0.666786519627055
0.353005207888671 0.538751404699022
0.34313328070662 0.533902616966402
0.861646496339459 0.719735404204614
0.336399137875846 0.530966070279036
0.35824016386447 0.546807259335308
0.771830985915493 0.697365679356788
0.380533430139444 0.564664006490812
0.805220026462931 0.697668567383539
0.156127325482164 0.385498594378043
0.310101549973276 0.522037072724361
0.519963295704317 0.62564647465119
0.656183323376291 0.68637804147335
0.952331163981649 0.7140063966371
0.517294356129308 0.624692360687214
0.931116998547133 0.718206064986468
0.919052804646296 0.72467682414554
0.94551514892526 0.713223016611885
0.602078487441583 0.651485671312734
0.790546308151942 0.690334597198914
0.557957406854168 0.642858174772122
0.379995306065843 0.554033592657001
0.874679924889041 0.701767747860202
0.541114171631115 0.630905388816019
0.416616830414353 0.580948597652394
0.70277712553632 0.707204414773727
0.152427702486394 0.380663402558966
0.764697092601289 0.692907453929181
0.892123178044773 0.707237794089231
0.457530152631017 0.597056012845538
0.725018686599039 0.689015567874293
0.242062814713664 0.461891857352527
0.368542346840791 0.55675123853448
0.791885431339907 0.708270548363786
0.351277508591432 0.542743243159251
0.60416577745529 0.657978474741882
0.773234835706813 0.695054808564336
0.679376933745866 0.672655155569934
0.835562952057863 0.716037580246165
0.848554765109274 0.704524964017858
0.481501237518136 0.604231873235102
0.419309402876777 0.594979544551534
0.268787607220586 0.493531886150024
0.949575167584646 0.708831595709507
0.687913730514627 0.698895556930762
0.728698881584564 0.688927783727496
0.17148526681887 0.400538751642024
0.848049675657221 0.702830686365387
0.785895657740318 0.693819915564553
0.415939214137835 0.582225125304219
0.421463622786431 0.598710762853066
0.324228586061201 0.521525530628617
0.678015668025701 0.688479436836289
0.488211824446863 0.610719320227088
0.469128161348842 0.613640529458145
0.236371007318582 0.460200258772712
0.492925283308791 0.613676311727722
0.956278672783527 0.712748716727551
0.143701585540215 0.374790125449266
0.841026954350471 0.706243192750002
0.567294765369924 0.645233284485989
0.624255745961288 0.657341986584151
0.742462070289994 0.699426573423166
0.734245581077619 0.683669786629447
0.146180184035951 0.372629306916993
0.277126944497791 0.494257760581885
0.910813061956731 0.716893952242842
0.729710113990522 0.688648013366285
0.740916271721959 0.690568445361711
0.882034100851454 0.710056481698781
0.76626341505046 0.692293126360599
0.579362877931167 0.647478519904219
0.726359136297687 0.686965599090454
0.24235238827651 0.467195468877478
0.932044222478337 0.70842051114329
0.78233862704918 0.707106886542695
0.54177344951307 0.630343016262035
0.259493940945554 0.476379298631643
0.702541233703885 0.682119284497452
0.431939406870066 0.591684370820048
0.4333141185764 0.586354662833596
0.331212774587452 0.56664306623114
0.385263741891431 0.565438350997323
0.15532654846487 0.387986981622455
0.571632840344025 0.638223427964368
0.709395872900706 0.676262875425419
0.58446075711664 0.64885702239232
0.184971838197645 0.413556368512441
0.268728390318863 0.487555436063992
0.392381562099872 0.573169649679426
0.633115635804841 0.662583487481921
0.269753139147519 0.485123212033551
0.446120689655172 0.593658647748977
0.772531272680698 0.745600727539455
0.38377997781002 0.565619593122665
0.659624863965175 0.670212155090177
0.376653862569356 0.560515689625215
0.743294526275166 0.698740986175127
0.476637508000853 0.60069440836675
0.974583866837388 0.715943097593019
0.691276886309321 0.680783165945444
0.592228244633178 0.657639323713404
0.909323715828336 0.708895998595835
0.214171311422897 0.44129792486693
0.330289323205599 0.534094190536708
0.779684165599659 0.696125855057039
0.650223066578436 0.670340594150877
0.719588465068625 0.681923384821589
0.268143784153005 0.487896010208508
0.389880444064902 0.577368819878812
0.509164621785981 0.622058009089636
0.498579636472372 0.616611428088462
0.682197511365334 0.676405306494759
0.431418572891772 0.590263402877352
0.877102005975245 0.706468641730753
0.52427909756462 0.638353212941041
0.685834382401263 0.685179500530212
0.532244985061886 0.633882542066894
0.97088953389107 0.711961513688926
0.392723004694836 0.569498638992541
0.293719724290988 0.503111142704407
0.927292515845409 0.725817113856356
0.846580603862157 0.704490343096872
0.789500640204866 0.691391372696568
0.478314693076069 0.615359940313964
0.748932991890738 0.702682051838907
0.382103577148959 0.55899603533658
0.821922485914291 0.703879234217478
0.640921525047017 0.665941187998232
0.772426596107887 0.707264134620746
0.254145768861381 0.474194992536104
0.75433353257621 0.687193042879628
0.331427230247296 0.530770032492723
0.471996241966135 0.605526363553963
0.587476427224413 0.647188265010179
0.630239009816475 0.665319712269965
0.483917098887964 0.608594292173015
0.614036959583458 0.676216742454979
0.323184911779138 0.538122024980723
0.77806950136612 0.697993009240257
0.644588596790714 0.71483181398948
0.667676875466866 0.696054725261341
0.668561051169747 0.704979232341327
0.800482308250459 0.703706344011472
0.343404600349934 0.550321601017463
0.355936906362724 0.545015174110382
0.962013700676498 0.709086654649638
0.248095593726662 0.472132061237239
0.46798197851942 0.602853066366415
0.71235331768722 0.683094873109233
0.836310476556331 0.732960517302672
0.642533936651584 0.664108317713299
0.719628165402287 0.691684307670721
0.838006828851899 0.722095507456865
0.176608987658546 0.405428692215725
0.447863101969403 0.591251773963982
0.48928702168436 0.611249118976181
0.410651013874066 0.576428065868089
1.02714236940935 0.723631709204887
0.584544988026001 0.654142452513394
0.627213758374941 0.665050967477824
0.714063166880068 0.693057652406363
0.935293866575611 0.716838398296879
0.574918323332835 0.648309601806668
0.406166648885095 0.582360226045406
0.846491976783885 0.703599945659815
0.898759050812704 0.752629603472604
0.474297420139556 0.611038810020901
0.729301471373353 0.686598960125032
0.744953267039392 0.695439657288797
0.751541793815753 0.691176650575236
0.94394757625563 0.729349211175179
0.662640575318495 0.67558616295542
0.236030042918455 0.48882675757076
0.749354225818159 0.69315931359504
0.991998122226016 0.713004531843609
0.476254480286738 0.607386478346176
0.65962441314554 0.667766729540032
0.293462490398566 0.50231964340915
0.183912950714743 0.4157360029861
0.566456844126747 0.653490610327408
0.866895874263261 0.712729891223007
0.22192347907731 0.455149825361787
0.584565491049521 0.647506141448726
0.369433954212806 0.566297842680577
0.896290446512422 0.710653347556489
0.466029361556845 0.603037336015024
0.991964610091253 0.721067854308498
0.857469105500181 0.707471600274739
0.412353531257337 0.585827701456078
0.47570681745439 0.610917519959172
0.53497801869478 0.659260098508891
0.726019210245464 0.682353391806442
0.694323516858728 0.682941912375769
0.808132826189153 0.703162999804548
0.714438137510136 0.682882357892942
0.578520510522047 0.650676569352129
0.620617544758125 0.658622376587721
0.712007684918348 0.689338643403776
1.00183541061977 0.707805802907802
0.452368758002561 0.600345744083048
0.498154430433762 0.615805075124114
0.944590296898679 0.710887376843905
0.702948958688972 0.684383877143498
0.653593376579037 0.667952713780541
0.382225541448842 0.559878881835705
0.519941955997525 0.623186472472992
0.389152050527034 0.564096009711248
0.430415670877433 0.588951572341877
0.613957955394302 0.663735255357261
0.957878781409449 0.709305821801273
0.388386188057536 0.563616469255097
0.550847095975761 0.67440647859717
0.45491208603619 0.598897357916377
0.627278159545862 0.656896627787782
0.554223037855832 0.64424475645573
0.356941598360656 0.551821203471316
0.853179092053871 0.70727306385071
0.265767687974738 0.484852765802243
0.716733526800956 0.687570573080585
0.664952413469336 0.668701078804632
0.586304060111856 0.647574399544328
0.481064570561975 0.6104765693988
0.90233958075396 0.718690647506199
0.985374302392713 0.714791337808461
0.596682960148562 0.655510814052394
0.414869952087611 0.57789676639737
0.885802073998208 0.720296249673777
0.812069223054435 0.699321595932811
0.157217539741812 0.383756620866701
0.400405463081519 0.56325280729326
0.667534518448964 0.684198465259416
0.379099891167495 0.556732173917028
0.789915069779352 0.693458136058611
0.630193994493886 0.667516272250549
0.780760530920575 0.698040768207322
0.692158327109783 0.678929959509846
0.526423588146189 0.649941724687103
0.625955013018055 0.660197287708034
0.466022943325287 0.610537487931061
0.690677423485722 0.704710451649594
0.836805259113805 0.716652055792647
0.418973428662896 0.583749510759286
0.714139387990269 0.695944702599084
0.868270773179339 0.704298422817843
0.89796440916656 0.714007116547306
0.647394032526572 0.664647322135138
0.383123119277803 0.560269228487577
0.97296201451131 0.722146235168035
0.612956916970745 0.658490386419077
0.855486268312476 0.699524292293113
0.657381912872724 0.675636297830626
0.725506937033084 0.701553564753809
0.641321290542993 0.67305304882191
0.901226901912083 0.710375092176025
0.376277769478649 0.559786578489219
0.297406426251923 0.529288429690826
1.00038418030862 0.715120580616318
0.790090513192725 0.697340029172879
0.628571428571429 0.659768992380217
0.609967982924226 0.676868978264779
0.268923877794846 0.483369266242112
0.440211707962524 0.588699590656056
0.566237036404763 0.64179193796507
0.419136632311205 0.575993171327628
0.50730791388397 0.616980570623795
0.277337999018499 0.491535502210113
0.403290512568819 0.568088833464247
0.392056004951657 0.571553891186338
0.970529864919656 0.712642700754321
0.335801468077842 0.532543993232298
0.327899633011863 0.526969904630702
0.842450391951642 0.702225159429012
0.813792220538972 0.702580497428796
0.376173608740184 0.563138651075385
0.606371628542165 0.653341927015053
0.837586957449533 0.727403153845584
0.855231143552311 0.703422771324104
0.800913475903872 0.698610554756264
0.715685646576571 0.679982645773951
0.191726756837479 0.421054073090958
0.805416248746239 0.701543473682478
0.914105578114982 0.706340006694854
0.669278729128411 0.667943254428062
0.456150086440569 0.598440593434212
0.385022402389588 0.563641339876582
0.761827532489704 0.693927644624054
0.947869931205401 0.712978897950706
0.685904550499445 0.717240902993652
0.607528487900644 0.69960013134028
0.410564942823007 0.578447146897665
0.818263281416684 0.722559881721327
0.379118884404297 0.558584711996335
0.230526270860899 0.461318363199284
0.796793494937097 0.721402352603816
0.697689811256299 0.690903701223106
0.166591990441443 0.4010220401423
0.554287055610089 0.647081748365896
0.146825227379478 0.37399745102474
0.936162944617618 0.709617923758902
0.699208330665984 0.680988604040411
0.409518727990609 0.573718943860584
0.835609714456443 0.712641554768525
0.254496959351328 0.475985589718334
0.771330329111761 0.694114979922042
0.383000085448176 0.55859177324362
0.340345636867933 0.535313505930482
0.688050878203897 0.683053604440305
0.602581608704928 0.651674122247269
0.432394937357266 0.586078696760248
0.588905483251547 0.646855637839344
0.427089779978233 0.583606120453366
0.468288518992744 0.615496558178227
0.743094983991462 0.685018216418784
1.00027803323567 0.740829184498702
0.143137547737407 0.366820224164052
0.439539101675024 0.595786782897257
0.787412497865802 0.695909598644436
0.394122417619942 0.566084099061035
0.53448496754356 0.628830968303257
0.256851361734825 0.480368498691899
0.427480264561553 0.58407400944626
0.496190862337551 0.61501642249165
0.569145076614452 0.646401171159047
0.378715776445232 0.561572298787428
0.94554381470808 0.721364834633673
0.982839579953897 0.712080481278594
0.737130783677651 0.688010961838717
0.858927275056583 0.703328599439938
0.834386339381003 0.710832615503009
0.887299587967806 0.706140786616008
1.04551373737805 0.711470499603062
0.584831148870768 0.645590328230647
0.618505003947677 0.658584680453209
0.258129907818368 0.480825441864583
0.357437178419693 0.561967432176275
0.870168399035281 0.71037779264572
0.480029997857296 0.639384761111916
0.406597392621674 0.569983466737017
0.316009647194417 0.518033891776495
1.01969444800068 0.713510203507147
0.854551662327686 0.749050658998986
0.765633670551074 0.695126712846759
0.592737203695406 0.665640852726279
0.770478507704785 0.697919833377962
0.447893522474791 0.603875653001644
0.846779183647343 0.706075851725061
0.792000684067637 0.696555027429641
0.86949655334315 0.71358095911237
0.381387211708732 0.563832821383493
0.706218192704101 0.687421649737778
0.468741998805155 0.602645058198675
0.900830327221499 0.717077641312573
0.715117891816921 0.683780582169499
0.373983739837398 0.560488261196934
0.496926885483802 0.612523711551645
0.880726495726496 0.706422223256562
0.462261129497171 0.620259216826421
0.572818232351306 0.67446977681819
0.799589471658577 0.717352372309085
0.614375734273203 0.657131808771327
0.662433839849752 0.690217264999735
0.669552296659991 0.672841091671912
0.54950029896643 0.642795415580712
0.839130527619414 0.730602848174324
0.662655229804122 0.669599885675373
0.450500437482661 0.593366372476226
0.463381844564893 0.60918934214249
0.620502752763433 0.658549397022862
0.797921379486961 0.728118090781598
0.98314450916384 0.714142905032111
0.770471861194699 0.705390729551701
0.388917338795715 0.561319482864227
0.6778358766407 0.674938004863221
0.194105344032781 0.434888968863281
0.375144064540914 0.557670099625116
0.415149898645044 0.577599878296857
0.316499178561523 0.533367516602657
0.544206796448087 0.635076742931322
0.687314627120452 0.677169838977445
0.618040588122319 0.657085035965665
0.859097214811653 0.727206383892871
0.454524114383269 0.598234148733052
0.413076414228709 0.574404382499361
0.808262734470028 0.728427709861223
0.429549964790987 0.596483642948987
0.966148001109902 0.709567347994256
0.915142070320005 0.708534734983751
0.964343632639126 0.710237090192003
0.674328765953814 0.687286057575258
0.96229798680643 0.714098271730671
0.600879627652761 0.655824167690822
0.536522908175242 0.62979684688417
0.611670578195007 0.655082138188267
0.424398258791396 0.603571850346744
0.798715431888016 0.69684408232699
0.710626307475558 0.698889078122423
0.473086609467708 0.604615219125758
0.650150438512259 0.674394605664506
0.176837074336434 0.404341301721031
0.834791889007471 0.701937886826863
1.04728374514573 0.733249873183175
0.650969765506646 0.66569345103735
0.70598666780617 0.675323827812711
0.223073312281301 0.446243260044888
0.623370527618357 0.661610940163115
0.931886743664885 0.714627331610967
0.616502368454743 0.655751126183414
0.902398429498122 0.704931710146789
1.01675024005121 0.708732222140156
0.370775008535336 0.572495756600489
0.963816562359827 0.717701455243374
0.635589421783953 0.658924744208109
0.751115475758417 0.703755089358709
0.877754526819269 0.710385422579855
0.252608222568326 0.473291761635445
0.872665571041342 0.706598330247141
0.881009794925418 0.706571051487637
0.811995903213417 0.699399933365836
0.293034273763285 0.539166348965556
0.845782514898434 0.700407400206347
0.980734690386589 0.707924922379794
0.858484109671072 0.703317224322885
0.925175004268397 0.715241982165679
0.560299577518884 0.647889554417893
0.891482959516848 0.709489931192901
0.722347870615345 0.687188523999756
0.654766223512089 0.677496457822715
0.404136782786885 0.583195822166502
0.247782503686922 0.482375599343847
0.123570331171048 0.34324935320699
0.768976263661202 0.711907422334689
0.306272669084702 0.517183360537896
0.226664675385633 0.451106656415066
0.663884916654216 0.703700680981287
0.469722186659839 0.629946098921627
0.277909383870073 0.502449693114196
0.919836985512194 0.742906648199779
0.721970893261064 0.688917268629018
0.815622665670686 0.717759223555711
0.361828347061585 0.546836233188143
0.653828078270529 0.677732384773225
0.569132587723043 0.641347770794881
0.306377621780784 0.51544910993893
0.341933969310882 0.537987025656826
0.47950583566262 0.605545317149586
0.887359706396962 0.70758750606429
0.316249893317402 0.524772909343471
0.980929398197583 0.712214685843561
0.232123799359658 0.462762062377044
0.711764580354666 0.69486569271961
0.374380871050384 0.559087062808881
0.961339766031936 0.712302891819021
0.950072575136612 0.709709018099483
0.60619317939306 0.651131761299526
0.585604233797828 0.649597672790042
0.242801256974283 0.467697479287979
0.453010968375229 0.598683855409682
0.724421209858103 0.688327234791067
0.949917810558675 0.713860099975791
0.248997183579415 0.471977060830055
0.891918997930137 0.705453641168995
1.01222478238607 0.732165947930298
0.731055675295021 0.684838156651223
0.2617665884361 0.485980582091853
0.855588272948406 0.707048258286391
0.339873188019043 0.545637516935589
0.267760728995497 0.484719032325129
0.807128374773237 0.707393753959219
0.572233366053519 0.643271359698218
0.456030231217575 0.604634913027565
0.669263108474359 0.669867536165695
0.898030176921271 0.71959435521247
0.653698829470801 0.669324315019203
0.40062734721748 0.566610019800168
0.541525967086984 0.629121772590896
0.644908504686866 0.692133744996639
0.479404985487451 0.60489459155055
0.642463823793059 0.669812698281916
0.729416031918752 0.685417520593671
0.549895339399376 0.635204476917184
0.434647147948187 0.58795541353162
0.927359638078573 0.711390351001821
0.396176495690023 0.592875151972159
0.101265282608232 0.312931133699116
0.319143033950025 0.54784520501881
0.574858606338705 0.658957595651592
0.477254776390223 0.610705852163743
0.493145712333447 0.615921927620132
0.898843250871304 0.705357222067335
0.604106197712139 0.67192379884451
0.473560667491784 0.607366445048388
0.632257788976916 0.672719952976138
0.713736873559293 0.681923544828594
0.723411521140589 0.690192573174939
0.488958182051173 0.617822471655548
0.9383219470538 0.707639670952446
1.01005143088841 0.718027377043785
0.464425949637217 0.603801844488273
0.8753602766925 0.701762728671437
0.432475712608092 0.591234393651083
0.775065611197644 0.699304689594809
0.303640787058773 0.511134717549227
0.617768198211656 0.670736817411601
0.328930240498496 0.524757718477703
0.763441548739621 0.690246467120306
0.922717477116095 0.710584766940785
0.919776278712322 0.728710449834317
0.697891771935814 0.688719681335904
0.670281347393587 0.67290018329087
0.803589338682486 0.710031713075592
0.544732798360936 0.637266867985146
0.174684517327525 0.402628077619517
0.506266680901036 0.621065327096026
0.977293098296982 0.731456561454728
0.595970805412096 0.648452321401217
0.611182244985062 0.655163830307146
0.90809968847352 0.727229980939836
0.496777085289849 0.622867767360207
0.455018888865174 0.603718879699565
0.353998375860153 0.541742032131369
0.391604959347859 0.566316153884377
0.270581707993684 0.491905932316605
0.341676802594798 0.539211291107616
0.839099349055597 0.711874326867432
0.639601382783492 0.663154233778486
0.801797378644922 0.703629318885372
0.740558081940263 0.689066303448537
0.872177883999829 0.706198499817608
0.21142027995903 0.440110828142997
0.515514297908664 0.622046723723236
0.434343865338254 0.586191761259905
0.3731142643764 0.55623740492556
0.644635688049885 0.666240213478942
0.869014084507042 0.70557360187092
0.3036034497481 0.514008690885391
0.888881776867439 0.722055522787313
0.389740087917716 0.56334676247475
0.500138690336484 0.616504897898727
0.544913246686728 0.632444228699099
0.340260294431406 0.533611339625209
0.826848788816562 0.711578263708525
0.531939406870066 0.627070156794678
0.706509204288216 0.688453407174475
0.748489442107735 0.708994553974069
0.934373399351204 0.729943991533531
0.560400392709267 0.644876685916533
0.452033457090428 0.598134858633164
0.254079254079254 0.475676196516616
0.788839095177123 0.690649082688867
0.483016130408808 0.614118302959086
0.725840201562967 0.679374980261095
0.204899492125816 0.446457956154153
0.633393790675344 0.677806538476699
0.748783610755442 0.717609663017338
0.442078310039475 0.588944130541974
0.230953041326193 0.454617007120142
0.772088953389107 0.696027999939102
0.49279692668872 0.633327586947757
0.87516535097077 0.730176839480504
0.649671193099325 0.666446432480304
0.678266621148758 0.684476721939558
0.980277060342803 0.717323453707364
0.719786552828175 0.686939133804299
0.482493012140739 0.607714132175704
0.384876352230781 0.578561212317107
0.586516710060182 0.666641503314549
0.338475983185029 0.544841565424224
0.360906588129842 0.548441158767146
0.964178977030143 0.710726299587723
0.186566527268072 0.421402937602279
0.253504598118079 0.476322665299729
0.896225609495752 0.73086198024664
0.516080841709883 0.625631541702133
0.857816769125683 0.704481861615526
0.361151416865825 0.54431496009533
0.620542478499328 0.665674978216032
0.476824583866837 0.641571692241025
0.725333903194786 0.681180170832139
0.57221190979112 0.667092619324603
0.630020058896334 0.67456112332405
0.683168316831683 0.677740483733433
0.614553529487125 0.65661805843519
0.841212250560239 0.704621626592703
0.435507277305903 0.589071116531817
0.526429226862423 0.626429520150497
0.669953051643193 0.675400800419195
0.877656850192061 0.721715596011992
0.197840652071864 0.424362670321804
0.630702914941744 0.682762560222869
0.512057706261471 0.624080301977998
0.904249642483618 0.722300130906396
0.617139807897545 0.65763830262859
0.404729888369512 0.578547695160941
0.642916586646181 0.667866090329326
0.946884139962853 0.726934648024466
0.312142552283397 0.541129209874299
0.241909644344761 0.470412513250472
0.428019303040656 0.588141899429133
0.851733869243597 0.702621824972039
0.258534918974315 0.499816361061521
0.241800217665009 0.470040583913532
0.664631803628602 0.696065776130117
0.823849568855118 0.713323749671979
0.655725451672148 0.675574146381495
0.663493757336464 0.686528718734881
0.351564167129017 0.543747384554838
0.465507308225755 0.602864105596829
0.165506639907767 0.405488756090392
0.429498260665429 0.582368339961669
0.652257444764649 0.686259399525012
1.01163485760642 0.709700916776003
0.759234743989409 0.696099337789444
0.770605100992811 0.693481814946255
0.330715886055692 0.528652297835062
0.364416549250672 0.593680372301235
0.482986222364627 0.645867178672107
0.716907841379605 0.707145500354769
0.477964726480762 0.60513605412824
0.584416415903707 0.64521625345353
0.461206804550597 0.607674914623575
0.261307390339648 0.492384172002555
0.47722759592595 0.616507266861118
0.565167292591328 0.640531486904716
0.32355891328937 0.529469666541613
0.664233576642336 0.671486189112836
0.95138711054204 0.714608412761409
0.634613743064447 0.667748307290779
0.899253094323517 0.721919109537169
0.615611130078525 0.661229006547837
0.927155567883585 0.73756652343617
0.763185417600478 0.744034148013652
0.873502850188945 0.716740949027858
0.957029415531742 0.718308817378585
0.986106961458022 0.712839986415148
0.850885427778963 0.705692303327869
0.614279922326782 0.656736672801311
0.722854033755094 0.68460198326053
0.602886237004462 0.650330729770404
0.320144268732527 0.523123242592902
0.285119822453639 0.496455942692305
0.451533716139774 0.63587727385816
0.711213058785874 0.678706606921907
0.574455825864277 0.644846265517322
0.67575007468738 0.675173528943875
0.503095909129729 0.618882808169881
0.875176184171187 0.705487677221801
0.547777635455361 0.637719285738756
1.04755280672844 0.725766854096068
0.456126499082412 0.60158657381817
0.585332024581768 0.650248463043052
0.680687153222365 0.676783773707582
0.947504321290625 0.71271095566484
0.714419835275039 0.677223845166891
0.41680360229625 0.57496256085215
0.657713248638839 0.669203103933764
0.358662224500256 0.564915972317171
0.394815446981011 0.569872756480352
0.60150632614308 0.654393663715764
0.935003414134517 0.726817494759202
0.706902813681714 0.682303891071555
0.362096189134981 0.55372279485369
0.180505106619375 0.406962041772858
0.867739319704665 0.705078086569802
0.672381399718178 0.671441422689964
0.530015578650846 0.626919913217146
0.771546849326761 0.698715426457904
0.614107528722107 0.679182748715208
0.532805598822199 0.627202922499395
0.668046693271303 0.672970179420487
0.679225547538744 0.689130378735118
0.79303943325367 0.695762388355717
0.197114871641664 0.435861741075608
0.704707438863045 0.677472433541998
0.611461978322096 0.664277094595723
0.323061821130578 0.530667830117847
0.381174914111346 0.564065409284115
0.518351756220392 0.621964770742782
0.294440720479166 0.509300277940025
0.509251157728505 0.627977811537786
0.40345673743732 0.572788248644649
1.02163338453661 0.713931500592114
0.726312419974392 0.699146568224673
0.397870115457669 0.571084657888889
0.406351374423766 0.575957486792273
1.0220913107511 0.730259752523191
0.380349903989759 0.601556620488864
0.516452562844095 0.649672313079321
0.686292921317143 0.679770336658959
0.158501194947081 0.3820619085487
0.678455492909619 0.692632040251372
0.221870589744686 0.463943618775982
0.801541549235631 0.703516896985332
0.497321523850176 0.658215965606396
0.913440802818405 0.732033657790095
0.41722532986037 0.579679942950526
0.941112462395187 0.708846765084288
0.194903860517723 0.425682787464302
1.00469493587144 0.724075575673533
0.717018596408822 0.686723722670593
0.575850797923476 0.648857865886261
0.796916704033481 0.701215980615398
0.940390412862671 0.728006707904191
0.480148724304457 0.613769847193409
0.336570062742755 0.537255229084431
0.712400435627496 0.682121830072582
0.802419612947276 0.698322477628577
0.659069568928724 0.67946146705549
1.03091793624376 0.722239719576199
0.731486619147211 0.682426218205047
0.272878571276164 0.503543453664907
0.827710637570995 0.728821613059608
0.808531534224348 0.700560699479425
0.311809141735308 0.520505144990459
0.299007576566002 0.510840018486144
1.01016420746941 0.716499096518376
0.307161916960188 0.516553064141555
0.854015065832995 0.706356679105549
0.821523093998122 0.713957006998421
0.593075625947192 0.649262562007768
0.683920681337915 0.679670039726929
0.54387125690991 0.640774801924839
0.593242406778937 0.652741048284055
0.542360221937687 0.636848979446619
0.464636332593478 0.610640931918798
0.74264674493063 0.694460073411644
0.420962749493009 0.580262973738444
0.595889972471778 0.64677486118146
0.478438066787581 0.605829441149561
0.51155291705817 0.631373262528552
0.332195215637737 0.529330040612008
0.80184793973924 0.694668969615491
0.963407344150299 0.71655121025911
0.666204365545053 0.67136728468983
0.647062589360022 0.672484772795658
0.587438397371621 0.662749045512936
0.486416117122308 0.610568031597267
0.285162171972754 0.49718758041617
0.314785577128227 0.569698885348531
0.907765228345112 0.711134583716675
0.754974964693799 0.701100350284127
0.921879005383235 0.715453369411179
0.548619114696717 0.639295228973009
0.609073256086892 0.652670571759076
0.994472426156735 0.721775404447508
0.633235865366145 0.659657017955606
0.724586036189826 0.683299208141148
0.253728477245087 0.475540257943543
0.941545553492541 0.720603589846273
0.275862068965517 0.494807020812878
0.356827347801037 0.547616051841563
0.564654896351487 0.637439279712373
0.712825219302926 0.683454860633487
0.340516321740986 0.535204946086159
0.596790713554114 0.707520958150915
0.851106081311923 0.702520844101138
0.491068189094013 0.63019746599139
0.488734317658104 0.612406001252658
0.944559485942403 0.708162999157587
0.290625466806086 0.501448430592734
0.841880615489681 0.708907771106981
0.97396000085377 0.714273312547023
0.612615496233702 0.657251447800488
0.110902376022031 0.324972932649107
0.908594350089613 0.708175952542447
0.967595260967019 0.717161122255153
0.589020327980868 0.650439677522138
0.887440150478796 0.709276326630281
0.832001879699248 0.703019756809797
0.405044922000043 0.569139777032397
0.463645875595225 0.620454551248069
0.465215535638071 0.603600409248454
0.571776311575171 0.647143171511974
0.675345184489639 0.671582309542117
0.918396961225753 0.723160388206225
0.775041611540267 0.713266456509513
0.742638900742511 0.692135521733902
0.759727647222044 0.693378564739419
0.299393654724796 0.507782647928514
0.822978251125862 0.701618757622335
0.740590594862166 0.691401278381326
0.18213828425096 0.413613332079997
0.386793257947514 0.566189573915002
0.959764349292408 0.707275142732775
0.666403516258428 0.671314321293892
0.612285830115006 0.660016426691276
0.851337217988944 0.703968984643712
0.340523126813449 0.533407630846216
1.02782935313827 0.711375389959044
0.694987944609213 0.673980271328969
0.750096026631386 0.688387624962424
1.04527117884357 0.727842088108727
0.514355241530941 0.629066137097602
0.880783108093683 0.710650087313589
0.214224744995946 0.444442138737633
0.459559843746665 0.599583172962653
0.878396550620077 0.704600192752916
0.784212436228574 0.692782170436766
0.400563392304573 0.567133480123347
0.508385610037127 0.640721421643354
0.605659048716471 0.657465008096761
0.550697733964921 0.651665171433813
0.852417031266674 0.70443751022642
0.806784944170456 0.705994834457023
0.494772106520997 0.615311519416109
0.29399585921325 0.500128073996127
0.256140500629521 0.476474855473959
0.97204379094731 0.709101597120061
0.419197200230469 0.578776916184757
0.679297241909316 0.672881502629547
0.449200827980624 0.626630567340841
0.334307784226699 0.531639810602207
0.450533504054631 0.59279152654496
0.728345280764636 0.683768235447855
0.67793533507026 0.674514205575076
1.03529813479022 0.731190669544716
0.339405458505958 0.534607530732555
0.763705426687437 0.690316383354329
0.964865442118753 0.728027618644485
0.960399846212995 0.71006214538762
0.953695800614544 0.712248757546145
0.636767185265809 0.676405723809173
0.476974947718834 0.610239200400324
0.569138832568563 0.640406325638456
0.378675372338156 0.561213880128798
0.501173959445037 0.615502575980356
0.992796836592925 0.711695290016244
0.874245107872218 0.72710357431563
0.637075606581166 0.66249352489811
0.703573258196721 0.682169899434606
0.349969061386477 0.541296113041813
0.477732966306041 0.610859334188254
0.517429077635708 0.622438295507898
0.591310656822159 0.666501326201553
0.964732505016865 0.717703767361945
0.761555204643421 0.707093470002603
0.906898318108085 0.711656027276328
0.586612325025606 0.648731945635377
0.141206373616985 0.366643338397731
0.159614194567143 0.383666505864404
0.333226399760469 0.533077238856457
0.602535644156066 0.662584115966679
0.948165255324609 0.737031055104591
0.240259463150258 0.473757696909451
0.595441352228103 0.652473459263224
0.759339203282612 0.698216689467039
0.614887214835997 0.669835916091801
0.258374941322067 0.480103162825116
0.405568593983358 0.585798246124268
0.748409954326205 0.686985910519546
0.233622124535871 0.462002441047722
0.211163287086446 0.449882327670842
0.672009048614964 0.671431852547581
0.794980151107696 0.697412815766366
0.875694385095291 0.706400725940711
0.366356496499915 0.549873616528318
0.218908020226589 0.452393606375117
0.753633705419077 0.695928473562692
0.996754702478809 0.715772591081241
0.343590619064894 0.538426269495861
0.768275508897708 0.693009277786401
0.607213744531 0.650448813439837
0.699886918858947 0.678505526209495
0.449505838153991 0.591900281556667
0.69438159074414 0.684074069356506
0.335099337748344 0.548013680445892
0.959833528972362 0.711610993294845
0.707308743169399 0.678909292879244
0.509294632376481 0.618846144699066
0.375792236614669 0.559332774137167
0.317635762295956 0.525422208304733
0.622264916213043 0.668799422090124
0.324008279452873 0.527350581773845
0.84947912219281 0.708225620751473
0.827456672073764 0.696762972217725
0.939500640204866 0.710748967449543
0.598681121686798 0.655738783336263
0.21759822438483 0.443864527147895
0.631715956130244 0.663724002050121
0.735330516792557 0.69404870939772
0.952582159624413 0.726064419861548
0.647543257024599 0.664299066341564
0.349109143283901 0.54467582914032
0.816190781734574 0.699921829339728
0.778446564641096 0.695683832262311
0.396338731357614 0.567565404437241
0.457439771248106 0.597907659138535
0.562777493169399 0.641745999258242
0.287753664938224 0.52047493085564
0.744772106520997 0.688618474120388
0.285973372023555 0.499687291949914
0.812605382792991 0.702392443835759
0.930245464247599 0.713590458412471
0.377173704312203 0.56267077055889
0.988388473852721 0.712027938151168
0.535004801024219 0.63041482681908
0.963272797114748 0.707209275175009
1.02191541120737 0.712997204039348
0.724848976455269 0.690679084524319
0.873163962425277 0.707438330647036
0.475376605641617 0.609503396489328
0.880132309005548 0.710421897080451
0.794842235600529 0.698936995898507
0.874842619662406 0.707272024538533
0.909461594295717 0.713696031359969
0.708850766013741 0.688201597078681
0.670095392560661 0.67255047586959
0.451882041652441 0.603206725058252
0.916974287848074 0.708101121715648
0.359357330317708 0.547993314077747
1.01895006402049 0.727950927928603
0.344157368095411 0.54004159286461
0.429168889363064 0.589995799735945
0.903676674562021 0.710211291903126
1.01775653064709 0.725986485737228
0.221491976783885 0.448317152982137
0.995026999338356 0.720589151721975
0.617242851045668 0.658528563134517
0.694343085163135 0.721754047528005
0.777030776454518 0.691126986342246
0.742257699613685 0.686857264275779
0.116617951398519 0.333806280294649
0.443822863731477 0.591520411200757
0.370850046940343 0.552785912261365
0.791615079195662 0.691403790623626
0.384084449857897 0.566775084542466
0.951327244793445 0.715603204773655
0.667064999359822 0.667793043960271
0.640875133404482 0.675207861985973
0.303891449052739 0.509879151312043
0.512334613743064 0.623659630497053
0.321850855850087 0.524117696292297
0.926166328600406 0.706346681495717
0.125197354384468 0.350483976499655
0.761524671333447 0.692864629862794
1.02966599082275 0.721297940591099
0.446884336320956 0.591718801888888
0.517528324834105 0.643458601942563
0.468333902355753 0.603763872269857
0.814203102660948 0.695088250852229
0.503564111319788 0.617833447361051
0.742152992638429 0.692811957333813
0.487991616587181 0.616354092162727
0.911060360283446 0.707814100498476
0.98222478287775 0.733520285312828
0.448278069389323 0.60017291935852
0.396739362383168 0.583736785531911
0.426474353503457 0.647307987418128
0.735146559637924 0.688353588085599
0.971320046092783 0.735173751699466
0.617160659795574 0.66047498627118
0.220261591311584 0.479673452756786
0.70621396540679 0.682919930089825
0.49735415866513 0.623316842354989
0.534692570452605 0.654127871222799
0.824719149117936 0.721281280357074
0.753350977546316 0.688698982099799
0.89537266285324 0.723069969396482
0.434103565256353 0.588243053086429
0.945000533560986 0.740202095026599
0.324223416965352 0.544880939916622
0.750074693755602 0.687730773116575
0.532740000853716 0.635453189763329
0.392873146271205 0.567002994413389
0.623154391055731 0.665166724828208
0.1291740457038 0.348316246961262
0.571468209079461 0.650278537768114
0.916704033480665 0.710241325709661
0.850566617581151 0.722921438225232
0.905706295497726 0.708004468958244
0.638543403000385 0.662606167059721
0.772113271163654 0.69642397382478
0.364883606802228 0.564325988333506
0.275879729412518 0.49334942884819
0.246452576549664 0.508955995774112
0.616073904973224 0.663605533937408
0.704866226805885 0.678137613152146
0.909242262540021 0.70589220675593
0.961304505581286 0.730517539337699
0.382542459673978 0.560245798310543
0.366012374653296 0.551862495455401
0.437101214229316 0.583999482371863
0.568379716578453 0.6572597854177
0.404856399095293 0.570819537773784
0.434270346417366 0.586441169321876
0.568887085406745 0.648079255437188
0.785136490726314 0.696767932210018
0.687038223361093 0.69108149460448
0.181699848494548 0.40980018442954
0.540032034169781 0.638632043830461
0.776115580784908 0.69214831144176
0.618486749455896 0.655818577520137
0.560981856990395 0.638746819235784
0.468836018350581 0.602655990609997
0.560629988475821 0.651429422125367
0.980279585956675 0.728760500453661
0.464258279276204 0.614468459304678
0.580625200042676 0.648448125153296
1.00450248596974 0.719685609750774
0.274715660542432 0.489602327268586
0.913830650326658 0.744347940881241
0.562353292646494 0.644138494101693
0.60287683803914 0.651208346812036
0.59373799462159 0.67863289500714
0.969347677595628 0.714412004846982
0.206940736785905 0.434815186170785
0.510479808759498 0.619489076622933
0.704463980880847 0.683620700795996
0.849705178601948 0.70650490842116
0.651750848217144 0.666042494047807
0.899822448499369 0.712784714098705
0.783636712831566 0.694335544767881
0.587169086251067 0.653776326542787
0.594866214313148 0.651905508393478
0.86821721967353 0.705839866376358
0.730398224422724 0.688428573171703
0.827653172282806 0.702460675987917
0.986706561231032 0.728620803036573
0.649259148554592 0.665634388851385
0.647042505974735 0.686298394300482
0.173454801476393 0.414578901983251
0.454675429985916 0.596419729505142
0.542530943235169 0.630167632471277
0.935922455019193 0.711604378318201
0.858974632501973 0.714055037188871
0.798177861227277 0.704029236463754
0.857292244654061 0.704600494705932
0.950703173349837 0.709082741231077
0.651986514744164 0.668249304804703
0.846844924350739 0.703745937447806
0.798493448849814 0.692279452618278
0.685567781219955 0.675734398972833
0.963251622822002 0.713214510828919
0.815337999317173 0.710815466342589
0.903136275326117 0.714473856251441
0.537479995732423 0.630238652716664
0.950923651895355 0.714635847238318
0.416403381436256 0.575374279015527
0.612605884737662 0.653202367879727
0.796710807347287 0.704922437194285
0.553864868325579 0.641464185887725
0.974411507352157 0.731237910995062
0.385085078673755 0.564950115563211
0.474212064955295 0.610720824722755
0.367374373199616 0.551270209440546
0.490205701604643 0.616399243665859
0.569226828331127 0.651525094023413
0.685258709016393 0.673091575788255
0.706454710338206 0.692635155572013
0.381065164511586 0.560698631952128
0.406025947422328 0.578073089624003
0.826263229771253 0.704990202878974
0.838589229324913 0.703482940814946
0.766701517058911 0.690436070208395
1.01752064704753 0.727305281550944
0.58025613660619 0.647944895988827
0.701591908155862 0.679725899671655
0.840782003670978 0.702104701322396
0.5731933687512 0.673701611742657
0.458823529411765 0.594944990491156
0.358432192540753 0.547753674472236
0.927948110691502 0.727653941656215
0.422604946966302 0.589692509215237
0.658536585365854 0.66941929903617
0.451663146216049 0.605614799339183
0.862509343299519 0.705123229542156
0.261366788282233 0.49167900816197
0.431469263126428 0.587498965972606
0.670971460285611 0.674369513614262
0.325893523951776 0.531718987126667
0.935488689714042 0.708892435880475
0.896827091429304 0.711186224258043
0.447751957834539 0.605055675579474
0.447877106891402 0.604204895109242
0.322023771418817 0.52412538880478
0.618828049951969 0.658908230278763
0.233293505163438 0.455293655345939
0.819251633847337 0.698060400774588
0.785726506694042 0.694682873525858
0.512621359223301 0.621757283736357
0.68156388793987 0.683812631620711
0.236694976740216 0.463806648231661
1.02117531538839 0.710389625093888
0.146131193717724 0.375212354189538
0.272179487179487 0.487344434896394
0.426627648667122 0.582634636990922
0.971556598741065 0.714239122742754
0.464141683559159 0.617853303304826
0.357182580424367 0.54378574710067
0.820418702917262 0.702668696079373
0.358996244452031 0.5531373541686
0.567003927595628 0.648632694477903
0.421830294230687 0.593135788475203
0.943748265482569 0.709544690073884
0.743779077212002 0.689801926841051
0.465720378228186 0.625603469172613
0.596116919138041 0.653083800891151
0.705725329403976 0.681357753668913
0.591826717883056 0.651343761560967
0.75799807918045 0.696063059200927
0.209043767738631 0.448076632523478
0.419261157377749 0.581267921083143
0.503330628976472 0.628360562781344
0.933041622198506 0.74795360809338
0.340205745507321 0.535052268541056
0.430654285409329 0.586945268878078
0.540642681755098 0.640269850110068
0.410455563853622 0.575186759450806
0.326424759871932 0.524475877467543
0.728704335950837 0.686733814201809
0.311016732115417 0.51370198276015
0.83843018416953 0.707721522787599
0.715029555493908 0.686161371814543
0.562978932314457 0.644842643008967
0.534101579172002 0.627491184098898
0.863680020489616 0.701170556739649
0.122945921720944 0.340628346224019
0.447914662562261 0.598497485850125
0.914128902746338 0.72097271183502
0.915101587843606 0.705637982586028
0.975456194643048 0.707420236220479
0.68991683100403 0.674951966329483
0.992975188965282 0.710333344057204
0.90425282205578 0.704179199936037
0.902636353933184 0.708477949130211
0.261623813080124 0.48128225146827
0.323177366702938 0.523857556491117
0.447296746659804 0.635002642030354
0.441511608057357 0.595770741248656
0.199850618864703 0.433587377985085
0.722625400213447 0.685682005689282
0.767973368045923 0.690898306655952
0.301406764441784 0.508049237839805
0.457712186578959 0.604613555692685
0.393447871091666 0.56659978092424
0.897919556171983 0.710713495499671
0.495824344817275 0.615697612738039
0.805685989925724 0.717288424617072
0.290748052502401 0.502950259573685
0.199180660166002 0.445503395795965
0.784706660691039 0.698362080304825
0.741135281685631 0.689094889009246
0.478296128729353 0.605838859032048
1.03630658897355 0.727112423095469
0.494717746238395 0.612410644365372
0.837047472677596 0.704513720363722
0.534846479053679 0.633575927511276
0.607086446104589 0.652090841671682
0.492539543620723 0.628404870904389
0.212451078936675 0.441629231837263
0.433691450052329 0.594895036795097
0.343062578676737 0.540990607303643
0.596773849403632 0.646823584526111
0.923873364216639 0.712962747463474
0.71469113410861 0.685441806554391
0.916830288543623 0.717226895541034
0.656083301327188 0.675472192807359
0.613889719386665 0.657506268277785
0.976675700475875 0.714305780003013
0.291152746361658 0.501369455307288
0.540667506566163 0.638308321267265
0.954575575554178 0.718033647767027
0.876598288044058 0.725149939567164
0.38562314635031 0.56073214350938
0.506934960737453 0.626328196512591
0.507596773505185 0.647994635488887
0.933263616185761 0.712650979651818
0.476719870262888 0.607842699852387
0.389667250437828 0.584638524625095
0.97950688440602 0.712345341290365
0.156169295456001 0.382320525961655
0.836844464365755 0.705048710225807
0.381381253201298 0.563438325715351
0.796123137355365 0.695914815850638
0.357074274009431 0.551015442476651
0.298996798292423 0.508537809338346
0.510655107618722 0.619463293397509
0.843916698672812 0.706242465408642
0.362575220861252 0.560283342914514
0.823918564203248 0.702065999808732
0.512782757148954 0.62743740356629
0.495400507971741 0.613325982987497
0.523080863051412 0.636674523335278
0.928598864751825 0.725496951786487
0.601805801617964 0.655874815162098
0.75696964522051 0.690358705062195
0.876725775131767 0.729767350514068
0.720798207235087 0.681570538540565
0.34043461554882 0.54100211706198
0.941007993844312 0.726146181910842
0.527156617756989 0.644046111926079
0.408066581306018 0.5718028969331
0.312876232762669 0.525356067724676
0.326682599974393 0.525604337188839
0.285567759305953 0.506842984125247
0.715044927752759 0.68678051896262
0.607299114288763 0.658197966876209
0.724539013146662 0.690555909656888
0.400772398489342 0.574038469710306
0.612228342086162 0.662334150471973
0.669696516029685 0.685806773553563
0.853804788528018 0.705156293473052
0.388335005657437 0.563480595071776
0.902552501280519 0.706647170427657
0.614100977337715 0.656608465123962
0.795386158475426 0.695592032281662
0.278253077595955 0.496177480557477
0.172165080448978 0.406225747470827
0.911231961632338 0.71090377065848
0.885656970912738 0.726347118669503
0.658096863665458 0.737321481732988
0.196228915920217 0.432748848876822
0.555029232279264 0.635124990491159
0.409369330914524 0.56895102869685
0.552249637155298 0.636336364947694
0.42885831481798 0.584279608119363
0.371394435910565 0.551361595240558
0.314144280623893 0.52309471742187
0.633040249263733 0.713366286576145
0.461377603277569 0.600202923632143
0.298909680585487 0.52247679114318
0.265301760984784 0.491568192935822
0.434665699225336 0.587271060591359
0.518389577103802 0.634067182659127
0.455897435897436 0.597096407909039
0.598519119153295 0.647887633508521
0.623364705380199 0.661464290566654
0.730853859135673 0.68965604453056
0.911921422610259 0.719295797994911
0.416792915822042 0.581373122498223
0.630476068540213 0.670916678516781
0.766776231537608 0.693314363597527
0.60875040017074 0.654838278865342
0.307329563640243 0.511529170554959
0.477615763967464 0.604190817673852
0.562912070326669 0.638814343642472
0.649117565462344 0.680245563343615
0.60422090393069 0.665920009572811
0.438515229780785 0.592695589492432
0.756099122750848 0.710253380850137
0.733586020814596 0.690466960490828
0.936352770426022 0.715399928667235
1.00294569672131 0.717090292579797
0.585666126141504 0.657145426412283
0.447607665713432 0.592291664887175
0.203436132749973 0.431574065635001
0.0942049122507001 0.30240022263494
0.320061451798745 0.522635571233279
0.244338192917672 0.489517436248055
1.01042311881928 0.720066185858697
0.990993106097795 0.718102083953963
0.606956892872386 0.652833841039636
0.671681604780196 0.683478097443727
0.391117845405267 0.565171035382273
0.314915588310909 0.516965638299065
1.02564868555821 0.718982592450608
0.496115593119051 0.631131153350008
0.467427717913155 0.607202706323115
0.346106224916745 0.536950518051115
0.662923267432427 0.68623226086295
0.903991116615772 0.708861409404476
0.915368528872007 0.718391934670562
0.504747679504961 0.662858888428412
0.992031446943964 0.756925916208148
0.509580506123842 0.623248825536823
0.47339892016475 0.604971643998248
0.862241195304162 0.723908352215657
0.701755136071146 0.677432304183605
0.688430845388981 0.673284491817068
0.320637562411983 0.525276582474741
1.05401079789164 0.711143823107061
0.844301662859948 0.708484096203502
0.408420648300292 0.581736498837598
0.933378871645997 0.715749409820232
0.475303764761152 0.604867093657535
0.76445857697725 0.697761647904636
0.672719126056158 0.679961370734951
0.594827034294372 0.660453201110672
0.724723058205801 0.681494266330393
0.354349544008031 0.547839270794435
0.813964406128633 0.70061327372425
0.515661364364257 0.625695366500931
0.844079467932679 0.703592507500108
0.670708019381417 0.695587254458173
0.448186086214255 0.625970653121955
0.550065102777007 0.636620494198707
0.575277540563621 0.656781655108845
0.664902358339558 0.679691436151519
1.02668032699409 0.713173040969876
0.896436192915066 0.709259950676237
0.415665606930249 0.58501279249554
0.999423434196758 0.713285684540059
0.631943999829268 0.670236437355261
0.485681362297811 0.615657024243905
0.582771423694094 0.651693606571641
0.307771092049674 0.520992367928742
0.457486077623914 0.597974522024504
0.477724410289252 0.606478934876411
0.531344684846157 0.631112248816508
0.544583608935925 0.631057130380141
0.88595984863062 0.708944422586864
0.517261244345822 0.627446638030131
0.778811479782354 0.699600551166804
0.936340937706737 0.707168724896264
0.371999231803342 0.555370330502678
0.333767203670116 0.531790920671818
0.462467460419067 0.601369046274476
0.509389671361502 0.623128984919353
0.656962349526167 0.678661472174532
0.401165396683102 0.57036557711241
0.470757737459979 0.606454184983908
0.778263838504545 0.695520325515231
0.947893096529053 0.712869170190311
0.610411544628541 0.674875288428535
0.437425303056172 0.591089727738147
0.294986131854064 0.521191487971189
0.496947184150976 0.616207300810776
0.864571331028891 0.701516155951166
0.172530778586212 0.399849439411578
0.299129432851107 0.509035074583157
0.658899344898961 0.667865129666456
0.89404609475032 0.706192316496918
0.788212449053624 0.69903340466818
0.44213738503233 0.600901931281844
0.972566768429367 0.711137280557198
0.953239713163736 0.708148047567263
0.452063288432756 0.592400321144336
0.590780066161562 0.646176618452447
0.544170365312393 0.630857078147118
0.424135723431498 0.583410631999977
0.589562433297759 0.675965698540365
0.782597563317473 0.697672584847077
0.733632382783296 0.686372234571542
0.742689434364995 0.687121868733358
0.889230375208093 0.709285816164563
0.690513783391653 0.711414760462179
0.932627670244777 0.712418359989455
0.905514839426508 0.703139884381018
0.51989842733073 0.635088455395236
0.463131820026052 0.609560464043628
1.03384260839877 0.718435625249581
0.536675416693344 0.641582114813118
0.585041136873598 0.650819177912078
0.679819881343634 0.672880177529373
0.635806947170777 0.666135340348051
0.444563036331811 0.592433346321401
0.778330380584431 0.702730589172724
0.519160194589059 0.623331308042897
0.466071847851608 0.607197291043881
0.809919119059306 0.709711864001454
0.793255069370331 0.703702114480989
0.905697823303457 0.717722630823538
0.371430400819567 0.559158896444713
0.782070437566702 0.691917323102515
0.205168798938856 0.433123701524549
0.779625557714066 0.708480270912223
0.80268579602468 0.720379502237619
0.546449255230483 0.631889156659273
0.346473339170172 0.540522252035001
0.835779444123993 0.729131076493594
0.142674234987837 0.375291584492522
0.301895249071584 0.510715680287004
0.853688235671103 0.703774283692211
0.541961922650047 0.634512565192262
0.839809163586349 0.731464156526959
0.96563427180943 0.717574787281306
0.420752662923987 0.58162722866782
0.519014084507042 0.629046086440792
0.372183339023558 0.557022589430296
0.364580217902158 0.548567786789986
0.396161901098431 0.577207447201296
1.0080212756831 0.714176629618083
0.540703753494228 0.636345763577179
0.764989750597882 0.70250130705845
0.858841359289617 0.702868037934287
0.458518265619665 0.600225428854192
0.564364117660482 0.656076310498358
0.942548872983656 0.709377074997755
0.696203612759961 0.679497494483903
0.749514521670472 0.692558480058284
0.750096141520318 0.690495465729343
0.643165406144511 0.667850207339127
0.756377142613188 0.696392168873104
0.788980645711969 0.703100275908267
0.817964480874317 0.702140044695851
1.0167756549985 0.711014832473434
0.580727777184932 0.646948720537841
0.120211698926567 0.340284304283055
0.347570867486339 0.543760387911879
0.541716456128371 0.63156492736666
0.472037894467322 0.60263198983191
0.991209166364393 0.719007180952231
0.47455457164195 0.605890101500688
0.281256669654672 0.493779191696026
0.365219063080768 0.558254106639489
0.369091568681846 0.555924752952157
0.793761201672783 0.709411352467836
0.930879214682032 0.70574158693362
0.630196329492104 0.661629120572501
0.559994025137102 0.640240048206559
0.560122057913493 0.645538922651347
0.429492104139991 0.586852435640906
0.796906709961334 0.694720101840865
1.0492212502667 0.735343053939883
0.6441774097157 0.696302121045298
0.701917328550688 0.688812641589061
0.616164418644357 0.659736062016711
0.498612948657761 0.611300541095076
0.615103922154411 0.660096633407608
0.319534834097941 0.521023648475669
0.86537353562512 0.724614361714854
0.789087339692295 0.70208447369321
0.607427168925408 0.655805614228943
0.454139991463935 0.595379873837652
0.526847069870673 0.622351637781756
0.831827598727067 0.699633920757932
0.460205692826356 0.599482041397752
0.843854033290653 0.706487513722932
0.566065521289083 0.643754769095305
0.999466484560063 0.738752310270298
0.653987441800863 0.6745320581417
0.311900130394818 0.517171269715453
0.388720553089792 0.562802106395392
0.74441692642726 0.691735563404298
0.0895901342038448 0.293772343306614
0.843894107600342 0.749966070452002
0.888609053849273 0.720349328954535
0.667612848148543 0.669532234543736
0.806168623265742 0.696312932134198
0.265332252144595 0.500929734105709
0.18381300343995 0.414154315035671
0.457392788564114 0.607589833422895
0.650482328837289 0.669517863265845
0.25511031451372 0.513550535960855
0.695822036250294 0.679925530478179
0.453571504791173 0.598701799861109
0.469325809071865 0.663741226090177
0.461935759257283 0.601357693742687
0.910755490983677 0.709410431399621
0.908428897858073 0.706386760835601
1.01536029396056 0.732249584292715
0.936287969795778 0.713919394963809
0.637989542204674 0.663868802659573
0.747756218480212 0.698180658974673
0.324776451461088 0.525959822027258
0.155943921643941 0.381722582081086
0.917196636646891 0.715391698175857
0.918760272364405 0.711692476861894
0.358679414400956 0.545723460828738
0.840008535154166 0.718933573445547
0.752160645312733 0.692555279748185
0.348820326678766 0.606338005624518
0.620786816658484 0.669953934462446
0.343951492377984 0.533781848756443
0.609518727990609 0.66493170721004
0.35369342442357 0.576246525015546
0.315338968579235 0.513744684875303
0.859786659812363 0.716729859612163
0.939909950280605 0.711375983405039
0.307884348661048 0.548332630699433
0.240837584580247 0.463711066083915
1.00458764536434 0.715029324788441
0.247973030639242 0.471883348954145
0.467685803958409 0.625188373086391
0.850185667335354 0.703836652766189
0.220026884588303 0.445154444592077
0.163447790179048 0.395111658136938
0.567776900591034 0.656151714016102
0.854612955534693 0.728067005436961
0.716928789398434 0.684410584903164
0.651074454236999 0.669366891829662
0.294435198224726 0.508753813503798
0.429724190931603 0.582234774203537
0.814493928853418 0.745600207704816
0.442881837000363 0.592249247397554
0.942127950151509 0.717391662242706
0.859048513435639 0.725449903868265
0.349574236506819 0.544932849008648
0.806713901574971 0.703504618799953
0.423660457077012 0.578826413687399
0.141811430278714 0.370977527690775
0.266700804369626 0.487144629904788
0.83025349948788 0.696758089063988
0.911529924016051 0.72758958121058
0.892029202066345 0.709358085345319
0.415683345780433 0.58673077571936
0.482245742819342 0.615255446269904
0.402964325434169 0.57589903389468
0.795496745277985 0.694028856427985
0.664653277271466 0.700480867697765
0.630011528115794 0.661853937809881
0.256599585992019 0.477203361147059
0.833429357915626 0.70278942031863
0.574125485841199 0.642592361166784
0.90931398698389 0.712766221979176
0.692004011864877 0.676690969362191
0.987019918447514 0.710602096588403
0.720081092616304 0.692619826416483
0.618083267535904 0.655516598628491
0.451473821263153 0.601393361356001
0.907195595578507 0.710732438936135
0.311281887074394 0.512854310770301
0.847253638342367 0.704660193278419
0.409034653465347 0.576596067213217
0.844644229947894 0.698527333390655
0.130624 0.354395330113702
0.60619771213932 0.658178888321411
1.03621811973109 0.711327976308783
0.343817347700843 0.542789081616638
0.63532198182051 0.689193350574061
0.419844557372849 0.612428596892112
0.565127351139008 0.637061510256139
0.810003629144162 0.702503229397873
0.319386927379072 0.523853729701116
0.386495080777685 0.561874433266604
0.885905753798873 0.704454054637841
0.425562786727835 0.590889344341491
0.959294755491046 0.712450492880283
0.39414049163537 0.569120355257096
0.260801710315339 0.480951116517818
1.03060265664374 0.715015468349653
0.659000064125858 0.714893861902937
0.306036139946175 0.511046235520963
0.586469696646244 0.65760413817706
0.501655381592157 0.627023752043953
0.817044532684343 0.723249802334006
0.485203057607721 0.609223929113683
0.463457311738472 0.60645332851994
0.993040433798728 0.719189426961235
0.867256070215901 0.706923490932237
0.449204824420963 0.596799001253758
0.566850286104706 0.640734801471166
0.210347698021387 0.441207797912901
0.807933595083646 0.702211782010556
0.597285936799881 0.656667232668742
0.335212109566814 0.533033528064106
0.941736383814239 0.715827741139446
0.720834934050455 0.681124206414704
0.912347788933988 0.72563888754999
0.179386461157483 0.413408736969675
0.485866894562547 0.609897235497552
0.684241971620612 0.676941410639744
0.313634905357716 0.518570269937239
1.00350083251505 0.711214557749502
0.909255898366606 0.706734325985153
0.330274642026419 0.534896996186345
0.384109776136921 0.562789103445063
0.398608710496554 0.584756304926545
0.670131699716109 0.71786541680687
0.671526147278549 0.68657794121626
0.497823117637016 0.62981413173195
0.389495166487648 0.562703688326405
0.284152538753897 0.496362142635547
0.535412397540984 0.627856264318073
0.361700311553071 0.548168082342175
0.257202612147339 0.477868703225326
0.670580449586918 0.673628209883178
0.227343566533592 0.453189153722533
1.00994833696256 0.715016031588141
0.272040624733293 0.489928479656029
0.461435035000854 0.602423043006848
0.329311265349706 0.529942750992965
0.457187426544437 0.595870677627264
0.765721726508133 0.697092997837632
0.726193344870643 0.687864402000991
0.862356910985819 0.703539677252403
0.716206410858338 0.68105740464053
0.551873506316149 0.663488608078916
0.266027829947072 0.487622118312998
0.32551488635151 0.531487050986759
0.538594580744347 0.633462360495758
0.559328907767508 0.640240168314102
0.901876641260488 0.718518876729486
0.974987728621124 0.711239998910131
0.401135490480662 0.569272514483376
0.612168679841222 0.663644387480229
0.570565892796176 0.645602812524589
0.55903444743245 0.64131962481284
0.903664340440062 0.705673803662064
0.506200507993426 0.61872159232013
0.33040249263733 0.534023057884472
0.353383137673426 0.554321261291825
0.419390629000597 0.588044881200932
0.671176458035467 0.675593636335379
0.7567907820335 0.704020506174409
0.986510714590626 0.713417165050644
0.940016644260931 0.709988768056546
0.746782764581599 0.708140932259931
0.415428937259923 0.577833879708078
0.519216405966582 0.626385713116784
0.67452628883578 0.677439202803721
0.677052433897437 0.677085960926781
0.382683650173889 0.561567208056601
0.970401195049082 0.718817007756989
0.843063201468015 0.709068987862708
0.585742633409435 0.650316836594361
0.968864703371746 0.723221568899939
0.206756006999274 0.43402926814644
0.477883281766777 0.611174779624072
0.598309390142378 0.653252155773511
0.766904939720474 0.697745319655223
0.889880444064902 0.71742550843902
0.612387892376682 0.660680526830548
0.349465463158569 0.542618476400387
0.457517874293032 0.602622102484742
0.964830662199364 0.725181077457431
0.231986165375008 0.458380045659622
0.111298410327537 0.329999285220794
0.331064065901233 0.529779932125801
0.687345230979421 0.675979970012683
0.268204712310056 0.482595855334406
0.330600917920803 0.541879912564928
0.655980350277659 0.668449312731233
0.433345425833849 0.594954142664371
0.882199790861948 0.708986703808271
0.398134312427955 0.565666498618607
0.419749925318995 0.593083637967143
0.462395603444545 0.60264513401873
0.177833731649027 0.407134317706416
0.651373796460366 0.667964874026579
0.355705414114684 0.542667160311653
0.543377144320218 0.637295342160659
0.791976099018353 0.711749595113476
0.393879249631859 0.568932841042252
0.629700772612797 0.666438566195882
0.71265422874952 0.677608550495102
0.855544165385273 0.70261335167969
0.586760280842528 0.644171080161428
0.810373913600547 0.697469470125641
0.786107554417414 0.690210066680636
0.382792990843703 0.564230305573619
0.407574949322522 0.574136557110729
0.124669283946403 0.347410164487041
0.509286934244236 0.623177933886554
0.512964425190465 0.652185740378118
0.624421061618253 0.660019503767409
0.296702593106392 0.509634008575547
0.384833738848337 0.563930193970876
0.255062629366451 0.481492130597742
0.815078873780605 0.714196170885
0.755078958600085 0.688985904964123
0.48230145175064 0.60762478575192
0.38504716779784 0.558841367623471
0.900555436872463 0.707795071413294
0.566710415904641 0.639829270093244
0.891552853534272 0.714457175809623
0.68259968817411 0.673570661672256
0.506167043660108 0.663467744532695
0.46057657426968 0.599334472574255
0.35515055805715 0.555156651415168
0.702488687782805 0.68197598407503
0.888331483220903 0.708725584223747
0.486703376445981 0.620222395752923
0.715142588797814 0.685401784874551
0.330207821610884 0.533811042102452
0.217082382059872 0.444682563110007
0.656985553018501 0.675218081449556
0.812984185927396 0.700803528262062
0.888056515985828 0.709958802025143
0.312757377259052 0.517842000246856
0.911780400862345 0.7161412981242
0.711405099754614 0.677198914056894
0.411517453273022 0.575790983572381
0.72842509603073 0.690593074166139
0.794094412537097 0.697503670075754
0.67039463855036 0.684825094050352
0.446733561058924 0.594154798273846
0.739590895503267 0.689487029274395
0.850890856716099 0.715506820940809
0.633023801899883 0.659855497167712
0.627686594241564 0.660333554165279
0.633385967907136 0.659040374284781
0.733681963713981 0.685022245924664
0.170265426303661 0.404787159724
1.00473802155586 0.707980777616652
0.336505633321953 0.533000867874008
0.220655073082258 0.452063803585621
0.520996927278935 0.625298324526669
0.943836288756588 0.724681141510337
0.641858877248384 0.666158662356209
0.266064835563523 0.486543563531974
0.556529172900192 0.652553570933009
0.836406710206172 0.698307062992752
0.328931341752676 0.529773425524233
0.847244161721385 0.713872707959594
0.864114546657278 0.708970570050041
0.506625978959049 0.620450881609699
0.783144101075636 0.69621792142268
0.639300881367507 0.682417354768878
0.440993938808529 0.60853164490158
0.636926228633619 0.664100848615098
1.02920456001025 0.724753306103952
0.800251926813126 0.713062427924025
0.486511866143077 0.608822054533229
0.593597847441702 0.656283428457911
0.578351043400333 0.646384374336349
0.913801938762438 0.706570860526188
0.785904851343564 0.701156664783052
0.446611471491977 0.625419167237076
0.403168976488928 0.568494798224929
0.591190405053566 0.65434833521554
0.336705294833216 0.535307913387614
0.706906244594361 0.686637377182136
0.576532354447669 0.649758908473736
0.396496169686106 0.568730226831373
0.589941725190514 0.651580113199018
0.748698250106701 0.68831389753379
0.252699645738188 0.494474742779507
0.617177495090925 0.661508543412271
0.253350405463082 0.479820135726315
0.942551556295632 0.720445101485037
0.840199803611835 0.723627083547239
0.592476891475522 0.661207335223102
0.616123455209067 0.65466033690115
0.694693005872931 0.67814311164584
0.472049026306799 0.602313310339321
0.630853405715018 0.6783530517178
0.193567663316047 0.427677549497007
0.316071352366321 0.516639484276915
0.374383289549561 0.556742587930762
0.659852890865549 0.667814028406593
0.469001025465732 0.608108176089063
0.840828528720905 0.710767091139092
